LETTER ANALYSIS
Letter Freq  Freq% AvgFreq% Diff 
   A   73    16.6   8.2     8.4
   B   0      0.0   1.5    -1.5
   C   12     2.7   2.8    -0.1
   D   5      1.1   4.3    -3.2
   E   10     2.3  12.7   -10.4
   F   0      0.0   2.2    -2.2
   G   5      1.1   2.0    -0.9
   H   7      1.6   6.1    -4.5
   I   14     3.2   7.0    -3.8
   J   37     8.4   0.2     8.2
   K   38     8.6   0.8     7.8
   L   45    10.2   4.0     6.2
   M   28     6.4   2.4     4.0
   N   0      0.0   6.7    -6.7
   O   12     2.7   7.5    -4.8
   P   15     3.4   1.9     1.5
   Q   9      2.0   0.1     1.9
   R   4      0.9   6.0    -5.1
   S   24     5.5   6.3    -0.8
   T   25     5.7   9.1    -3.4
   U   20     4.5   2.8     1.7
   V   18     4.1   1.0     3.1
   W   2      0.5   2.4    -1.9
   X   1      0.2   0.2     0.0
   Y   19     4.3   2.0     2.3
   Z   17     3.9   0.1     3.8
The most frequent letter is A at 16.59%